1 2 5
1 4 10
1 6 2
2 1 10
2 6 2
3 2 5
3 4 10
3 5 30
3 6 3
4 1 20
4 5 20
4 6 6
5 4 5
5 6 2
6 1 8
6 2 4
6 3 3
6 4 1
6 5 5

index  1  2  3  4  5  6
    1  0  5  - 10  -  2
    2 10  0  -  -  -  2
    3  -  5  0 10 30  3
    4 20  -  -  0 20  6
    5  -  -  -  5  0  2
    6  8  4  3  1  5  0

The source node is 2

2 to 1 (10) and path: 1 <-- 2
2 to 3 (5) and path: 3 <-- 6 <-- 2
2 to 4 (3) and path: 4 <-- 6 <-- 2
2 to 5 (7) and path: 5 <-- 6 <-- 2
2 to 6 (2) and path: 6 <-- 2
